0.0005	1.000000000000000e+00	0
0.0015	1.000000000000000e+00	0
0.0025	1.000000000000000e+00	0
0.0035	1.000000000000000e+00	0
0.0045	1.000000000000000e+00	0
0.0055	1.000000000000000e+00	0
0.0065	1.000000000000000e+00	0
0.0075	1.000000000000000e+00	0
0.0085	1.000000000000000e+00	0
0.0095	1.000000000000000e+00	0
0.0105	1.000000000000000e+00	0
0.0115	1.000000000000000e+00	0
0.0125	1.000000000000000e+00	0
0.0135	1.000000000000000e+00	0
0.0145	1.000000000000000e+00	0
0.0155	1.000000000000000e+00	0
0.0165	1.000000000000000e+00	0
0.0175	1.000000000000000e+00	0
0.0185	1.000000000000000e+00	0
0.0195	1.000000000000000e+00	0
0.0205	1.000000000000000e+00	0
0.0215	1.000000000000000e+00	0
0.0225	1.000000000000000e+00	0
0.0235	1.000000000000000e+00	0
0.0245	1.000000000000000e+00	0
0.0255	1.000000000000000e+00	0
0.0265	1.000000000000000e+00	0
0.0275	1.000000000000000e+00	0
0.0285	1.000000000000000e+00	0
0.0295	1.000000000000000e+00	0
0.0305	1.000000000000000e+00	0
0.0315	1.000000000000000e+00	0
0.0325	1.000000000000000e+00	0
0.0335	1.000000000000000e+00	0
0.0345	1.000000000000000e+00	0
0.0355	1.000000000000000e+00	0
0.0365	1.000000000000000e+00	0
0.0375	1.000000000000000e+00	0
0.0385	1.000000000000000e+00	0
0.0395	1.000000000000000e+00	0
0.0405	1.000000000000000e+00	0
0.0415	1.000000000000000e+00	0
0.0425	1.000000000000000e+00	0
0.0435	1.000000000000000e+00	0
0.0445	1.000000000000000e+00	0
0.0455	1.000000000000000e+00	0
0.0465	1.000000000000000e+00	0
0.0475	1.000000000000000e+00	0
0.0485	1.000000000000000e+00	0
0.0495	1.000000000000000e+00	0
0.0505	1.000000000000000e+00	0
0.0515	1.000000000000000e+00	0
0.0525	1.000000000000000e+00	0
0.0535	1.000000000000000e+00	0
0.0545	1.000000000000000e+00	0
0.0555	1.000000000000000e+00	0
0.0565	1.000000000000000e+00	0
0.0575	1.000000000000000e+00	0
0.0585	1.000000000000000e+00	2.78088e-08
0.0595	1.000000000000000e+00	1.66853e-07
0.0605	9.999998807907104e-01	4.44943e-07
0.0615	9.999997019767761e-01	9.17695e-07
0.0625	9.999994635581970e-01	1.50168e-06
0.0635	9.999992251396179e-01	2.03006e-06
0.0645	9.999989867210388e-01	2.61405e-06
0.0655	9.999987483024597e-01	3.11462e-06
0.0665	9.999985098838806e-01	3.72643e-06
0.0675	9.999982714653015e-01	4.227e-06
0.0685	9.999980330467224e-01	4.83881e-06
0.0695	9.999977946281433e-01	5.3672e-06
0.0705	9.999975562095642e-01	5.92339e-06
0.0715	9.999973177909851e-01	6.53521e-06
0.0725	9.999970793724060e-01	7.0636e-06
0.0735	9.999968409538269e-01	7.70323e-06
0.0745	9.999966025352478e-01	8.17601e-06
0.0755	9.999963641166687e-01	8.81564e-06
0.0765	9.999961256980896e-01	9.28842e-06
0.0775	9.999958872795105e-01	9.92806e-06
0.0785	9.999956488609314e-01	1.04287e-05
0.0795	9.999954104423523e-01	1.10405e-05
0.0805	9.999951720237732e-01	1.15689e-05
0.0815	9.999949336051941e-01	1.21251e-05
0.0825	9.999946951866150e-01	1.2737e-05
0.0835	9.999944567680359e-01	1.32376e-05
0.0845	9.999942183494568e-01	1.38494e-05
0.0855	9.999939799308777e-01	1.43778e-05
0.0865	9.999937415122986e-01	1.49897e-05
0.0875	9.999935030937195e-01	1.54903e-05
0.0885	9.999932646751404e-01	1.61299e-05
0.0895	9.999930262565613e-01	1.66028e-05
0.0905	9.999927878379822e-01	1.72146e-05
0.0915	9.999925494194031e-01	1.77709e-05
0.0925	9.999923110008240e-01	1.82993e-05
0.0935	9.999920725822449e-01	1.8939e-05
0.0945	9.999918341636658e-01	1.94396e-05
0.0955	9.999915957450867e-01	2.00515e-05
0.0965	9.999913573265076e-01	2.05521e-05
0.0975	9.999911189079285e-01	2.1164e-05
0.0985	9.999908804893494e-01	2.16924e-05
0.0995	9.999906420707703e-01	2.23321e-05
0.1005	9.999904036521912e-01	2.28049e-05
0.1015	9.999901652336121e-01	2.3389e-05
0.1025	9.999899268150330e-01	2.39731e-05
0.1035	9.999896883964539e-01	2.45015e-05
0.1045	9.999894499778748e-01	2.51134e-05
0.1055	9.999892115592957e-01	2.56419e-05
0.1065	9.999889731407166e-01	2.63094e-05
0.1075	9.999886751174927e-01	2.70881e-05
0.1085	9.999883174896240e-01	2.81728e-05
0.1095	9.999877810478210e-01	2.96468e-05
0.1105	9.999871850013733e-01	3.1677e-05
0.1115	9.999863505363464e-01	3.41243e-05
0.1125	9.999853372573853e-01	3.73225e-05
0.1135	9.999840259552002e-01	4.13551e-05
0.1145	9.999824166297913e-01	4.65278e-05
0.1155	9.999803900718689e-01	5.28686e-05
0.1165	9.999779462814331e-01	6.06278e-05
0.1175	9.999749064445496e-01	7.01391e-05
0.1185	9.999712705612183e-01	8.15972e-05
0.1195	9.999668598175049e-01	9.53637e-05
0.1205	9.999616742134094e-01	0.000111828
0.1215	9.999553561210632e-01	0.000131463
0.1225	9.999479651451111e-01	0.000154686
0.1235	9.999392032623291e-01	0.000182137
0.1245	9.999288916587830e-01	0.0002144
0.1255	9.999168515205383e-01	0.000252032
0.1265	9.999028444290161e-01	0.000296035
0.1275	9.998865127563477e-01	0.000347131
0.1285	9.998676180839539e-01	0.000406296
0.1295	9.998457431793213e-01	0.000474866
0.1305	9.998205900192261e-01	0.000553816
0.1315	9.997916817665100e-01	0.000644399
0.1325	9.997586011886597e-01	0.000748091
0.1335	9.997208118438721e-01	0.000866537
0.1345	9.996777772903442e-01	0.00100127
0.1355	9.996289610862732e-01	0.00115419
0.1365	9.995737075805664e-01	0.0013273
0.1375	9.995114207267761e-01	0.00152268
0.1385	9.994412064552307e-01	0.00174258
0.1395	9.993625283241272e-01	0.00198924
0.1405	9.992743730545044e-01	0.0022654
0.1415	9.991760253906250e-01	0.00257348
0.1425	9.990665912628174e-01	0.00291647
0.1435	9.989451169967651e-01	0.00329705
0.1445	9.988107085227966e-01	0.00371806
0.1455	9.986624121665955e-01	0.00418283
0.1465	9.984992146492004e-01	0.00469445
0.1475	9.983201026916504e-01	0.00525615
0.1485	9.981239438056946e-01	0.00587107
0.1495	9.979097843170166e-01	0.00654247
0.1505	9.976766109466553e-01	0.00727354
0.1515	9.974233508110046e-01	0.00806765
0.1525	9.971489906311035e-01	0.00892808
0.1535	9.968524575233459e-01	0.00985797
0.1545	9.965329170227051e-01	0.0108604
0.1555	9.961892962455750e-01	0.0119386
0.1565	9.958206415176392e-01	0.0130952
0.1575	9.954261779785156e-01	0.0143332
0.1585	9.950050711631775e-01	0.0156551
0.1595	9.945565462112427e-01	0.0170634
0.1605	9.940798282623291e-01	0.0185604
0.1615	9.935743808746338e-01	0.0201483
0.1625	9.930394291877747e-01	0.0218289
0.1635	9.924746155738831e-01	0.0236039
0.1645	9.918794631958008e-01	0.0254746
0.1655	9.912536144256592e-01	0.0274426
0.1665	9.905967712402344e-01	0.0295087
0.1675	9.899086952209473e-01	0.0316738
0.1685	9.891891479492188e-01	0.0339385
0.1695	9.884381294250488e-01	0.0363032
0.1705	9.876556992530823e-01	0.0387679
0.1715	9.868417382240295e-01	0.0413326
0.1725	9.859964251518250e-01	0.0439972
0.1735	9.851199984550476e-01	0.046761
0.1745	9.842127561569214e-01	0.0496236
0.1755	9.832748174667358e-01	0.0525841
0.1765	9.823066592216492e-01	0.0556414
0.1775	9.813086390495300e-01	0.0587947
0.1785	9.802811741828918e-01	0.0620426
0.1795	9.792248010635376e-01	0.0653837
0.1805	9.781399369239807e-01	0.0688164
0.1815	9.770272374153137e-01	0.0723395
0.1825	9.758872389793396e-01	0.0759509
0.1835	9.747205376625061e-01	0.079649
0.1845	9.735277295112610e-01	0.0834321
0.1855	9.723094701766968e-01	0.0872983
0.1865	9.710663557052612e-01	0.0912457
0.1875	9.697991609573364e-01	0.0952723
0.1885	9.685084223747253e-01	0.0993762
0.1895	9.671949148178101e-01	0.103555
0.1905	9.658592939376831e-01	0.107808
0.1915	9.645022153854370e-01	0.112132
0.1925	9.631243348121643e-01	0.116524
0.1935	9.617262482643127e-01	0.120985
0.1945	9.603087902069092e-01	0.12551
0.1955	9.588724970817566e-01	0.130099
0.1965	9.574180841445923e-01	0.13475
0.1975	9.559460878372192e-01	0.13946
0.1985	9.544571638107300e-01	0.144228
0.1995	9.529520273208618e-01	0.149052
0.2005	9.514311552047729e-01	0.15393
0.2015	9.498951435089111e-01	0.15886
0.2025	9.483446478843689e-01	0.163841
0.2035	9.467800855636597e-01	0.168871
0.2045	9.452021718025208e-01	0.173948
0.2055	9.436113238334656e-01	0.179071
0.2065	9.420080780982971e-01	0.184239
0.2075	9.403929114341736e-01	0.189449
0.2085	9.387663602828979e-01	0.1947
0.2095	9.371288418769836e-01	0.199991
0.2105	9.354808926582336e-01	0.205321
0.2115	9.338228106498718e-01	0.210688
0.2125	9.321550726890564e-01	0.216091
0.2135	9.304780960083008e-01	0.221529
0.2145	9.287922978401184e-01	0.227
0.2155	9.270982146263123e-01	0.232503
0.2165	9.253959059715271e-01	0.238038
0.2175	9.236859083175659e-01	0.243603
0.2185	9.219685792922974e-01	0.249197
0.2195	9.202442169189453e-01	0.254819
0.2205	9.185131192207336e-01	0.260469
0.2215	9.167756438255310e-01	0.266144
0.2225	9.150320291519165e-01	0.271845
0.2235	9.132825732231140e-01	0.27757
0.2245	9.115275740623474e-01	0.283319
0.2255	9.097672700881958e-01	0.289091
0.2265	9.080019593238831e-01	0.294885
0.2275	9.062318801879883e-01	0.3007
0.2285	9.044572710990906e-01	0.306536
0.2295	9.026783704757690e-01	0.312391
0.2305	9.008952975273132e-01	0.318267
0.2315	8.991083502769470e-01	0.32416
0.2325	8.973177075386047e-01	0.330072
0.2335	8.955236077308655e-01	0.336001
0.2345	8.937262296676636e-01	0.341946
0.2355	8.919257521629333e-01	0.347908
0.2365	8.901222944259644e-01	0.353886
0.2375	8.883160948753357e-01	0.359879
0.2385	8.865073323249817e-01	0.365886
0.2395	8.846960663795471e-01	0.371908
0.2405	8.828825354576111e-01	0.377943
0.2415	8.810667991638184e-01	0.383992
0.2425	8.792490363121033e-01	0.390054
0.2435	8.774293661117554e-01	0.396129
0.2445	8.756080269813538e-01	0.402215
0.2455	8.737849593162537e-01	0.408314
0.2465	8.719604015350342e-01	0.414424
0.2475	8.701344728469849e-01	0.420544
0.2485	8.683072328567505e-01	0.426676
0.2495	8.664788603782654e-01	0.432818
0.2505	8.646493554115295e-01	0.438969
0.2515	8.628189563751221e-01	0.445131
0.2525	8.609876632690430e-01	0.451302
0.2535	8.591555953025818e-01	0.457482
0.2545	8.573228120803833e-01	0.463672
0.2555	8.554893732070923e-01	0.469869
0.2565	8.536555171012878e-01	0.476075
0.2575	8.518211245536804e-01	0.48229
0.2585	8.499864339828491e-01	0.488512
0.2595	8.481514453887939e-01	0.494741
0.2605	8.463162183761597e-01	0.500979
0.2615	8.444808721542358e-01	0.507223
0.2625	8.426454067230225e-01	0.513475
0.2635	8.408100008964539e-01	0.519733
0.2645	8.389745950698853e-01	0.525998
0.2655	8.371393084526062e-01	0.532269
0.2665	8.353042006492615e-01	0.538547
0.2675	8.334692716598511e-01	0.54483
0.2685	8.316346406936646e-01	0.55112
0.2695	8.298003673553467e-01	0.557415
0.2705	8.279664516448975e-01	0.563716
0.2715	8.261330127716064e-01	0.570022
0.2725	8.243000507354736e-01	0.576334
0.2735	8.224676251411438e-01	0.58265
0.2745	8.206357359886169e-01	0.588972
0.2755	8.188045024871826e-01	0.595299
0.2765	8.169739246368408e-01	0.60163
0.2775	8.151440620422363e-01	0.607966
0.2785	8.133149743080139e-01	0.614306
0.2795	8.114866614341736e-01	0.620651
0.2805	8.096591234207153e-01	0.627
0.2815	8.078324794769287e-01	0.633354
0.2825	8.060067892074585e-01	0.639711
0.2835	8.041819930076599e-01	0.646072
0.2845	8.023581504821777e-01	0.652437
0.2855	8.005352616310120e-01	0.658806
0.2865	7.987134456634521e-01	0.665178
0.2875	7.968926429748535e-01	0.671554
0.2885	7.950729727745056e-01	0.677934
0.2895	7.932543754577637e-01	0.684316
0.2905	7.914369702339172e-01	0.690702
0.2915	7.896206974983215e-01	0.697091
0.2925	7.878056168556213e-01	0.703484
0.2935	7.859917283058167e-01	0.709879
0.2945	7.841791510581970e-01	0.716277
0.2955	7.823678255081177e-01	0.722678
0.2965	7.805577516555786e-01	0.729082
0.2975	7.787489891052246e-01	0.735489
0.2985	7.769415378570557e-01	0.741898
0.2995	7.751355171203613e-01	0.74831
0.3005	7.733308076858521e-01	0.754724
0.3015	7.715275287628174e-01	0.761141
0.3025	7.697257399559021e-01	0.76756
0.3035	7.679253220558167e-01	0.773982
0.3045	7.661263942718506e-01	0.780406
0.3055	7.643288969993591e-01	0.786832
0.3065	7.625328898429871e-01	0.79326
0.3075	7.607384324073792e-01	0.79969
0.3085	7.589454650878906e-01	0.806122
0.3095	7.571541666984558e-01	0.812557
0.3105	7.553643584251404e-01	0.818993
0.3115	7.535760998725891e-01	0.825431
0.3125	7.517895102500916e-01	0.831871
0.3135	7.500044703483582e-01	0.838313
0.3145	7.482210397720337e-01	0.844756
0.3155	7.464392781257629e-01	0.851202
0.3165	7.446591258049011e-01	0.857649
0.3175	7.428805828094482e-01	0.864098
0.3185	7.411037087440491e-01	0.870548
0.3195	7.393285632133484e-01	0.876999
0.3205	7.375551462173462e-01	0.883452
0.3215	7.357834577560425e-01	0.889907
0.3225	7.340134382247925e-01	0.896363
0.3235	7.322452068328857e-01	0.902821
0.3245	7.304787635803223e-01	0.90928
0.3255	7.287140488624573e-01	0.91574
0.3265	7.269511222839355e-01	0.922201
0.3275	7.251899838447571e-01	0.928664
0.3285	7.234306335449219e-01	0.935127
0.3295	7.216731309890747e-01	0.941592
0.3305	7.199174165725708e-01	0.948058
0.3315	7.181634902954102e-01	0.954526
0.3325	7.164114117622375e-01	0.960994
0.3335	7.146612405776978e-01	0.967463
0.3345	7.129128575325012e-01	0.973934
0.3355	7.111664414405823e-01	0.980405
0.3365	7.094218134880066e-01	0.986877
0.3375	7.076791524887085e-01	0.99335
0.3385	7.059383392333984e-01	0.999824
0.3395	7.041994333267212e-01	1.0063
0.3405	7.024624943733215e-01	1.01277
0.3415	7.007274031639099e-01	1.01925
0.3425	6.989942789077759e-01	1.02573
0.3435	6.972631216049194e-01	1.03221
0.3445	6.955338716506958e-01	1.03868
0.3455	6.938065290451050e-01	1.04516
0.3465	6.920812129974365e-01	1.05164
0.3475	6.903579235076904e-01	1.05812
0.3485	6.886366009712219e-01	1.0646
0.3495	6.869172453880310e-01	1.07109
0.3505	6.851998567581177e-01	1.07757
0.3515	6.834844350814819e-01	1.08405
0.3525	6.817710399627686e-01	1.09053
0.3535	6.800596714019775e-01	1.09702
0.3545	6.783503293991089e-01	1.1035
0.3555	6.766429543495178e-01	1.10999
0.3565	6.749377250671387e-01	1.11647
0.3575	6.732345223426819e-01	1.12295
0.3585	6.715332865715027e-01	1.12944
0.3595	6.698340773582458e-01	1.13593
0.3605	6.681369543075562e-01	1.14241
0.3615	6.664419174194336e-01	1.1489
0.3625	6.647489666938782e-01	1.15539
0.3635	6.630581617355347e-01	1.16187
0.3645	6.613693833351135e-01	1.16836
0.3655	6.596826910972595e-01	1.17485
0.3665	6.579981446266174e-01	1.18133
0.3675	6.563156843185425e-01	1.18782
0.3685	6.546353697776794e-01	1.19431
0.3695	6.529572010040283e-01	1.2008
0.3705	6.512811183929443e-01	1.20728
0.3715	6.496071815490723e-01	1.21377
0.3725	6.479354500770569e-01	1.22026
0.3735	6.462658047676086e-01	1.22675
0.3745	6.445983648300171e-01	1.23323
0.3755	6.429330706596375e-01	1.23972
0.3765	6.412699818611145e-01	1.24621
0.3775	6.396090388298035e-01	1.25269
0.3785	6.379503011703491e-01	1.25918
0.3795	6.362937092781067e-01	1.26567
0.3805	6.346393227577209e-01	1.27215
0.3815	6.329871416091919e-01	1.27864
0.3825	6.313371658325195e-01	1.28512
0.3835	6.296895146369934e-01	1.29161
0.3845	6.280440092086792e-01	1.29809
0.3855	6.264007091522217e-01	1.30458
0.3865	6.247596740722656e-01	1.31106
0.3875	6.231208443641663e-01	1.31755
0.3885	6.214843392372131e-01	1.32403
0.3895	6.198500394821167e-01	1.33051
0.3905	6.182180643081665e-01	1.337
0.3915	6.165882945060730e-01	1.34348
0.3925	6.149607896804810e-01	1.34996
0.3935	6.133356690406799e-01	1.35644
0.3945	6.117128133773804e-01	1.36292
0.3955	6.100922822952271e-01	1.3694
0.3965	6.084740161895752e-01	1.37588
0.3975	6.068580150604248e-01	1.38235
0.3985	6.052442789077759e-01	1.38883
0.3995	6.036328673362732e-01	1.39531
0.4005	6.020238399505615e-01	1.40178
0.4015	6.004171967506409e-01	1.40826
0.4025	5.988128185272217e-01	1.41473
0.4035	5.972108840942383e-01	1.42121
0.4045	5.956113338470459e-01	1.42768
0.4055	5.940141081809998e-01	1.43415
0.4065	5.924193263053894e-01	1.44062
0.4075	5.908269286155701e-01	1.44709
0.4085	5.892369747161865e-01	1.45355
0.4095	5.876494050025940e-01	1.46002
0.4105	5.860642790794373e-01	1.46649
0.4115	5.844815373420715e-01	1.47295
0.4125	5.829012393951416e-01	1.47941
0.4135	5.813233852386475e-01	1.48587
0.4145	5.797480344772339e-01	1.49233
0.4155	5.781752467155457e-01	1.49879
0.4165	5.766048431396484e-01	1.50525
0.4175	5.750368833541870e-01	1.5117
0.4185	5.734714865684509e-01	1.51816
0.4195	5.719085931777954e-01	1.52461
0.4205	5.703482627868652e-01	1.53106
0.4215	5.687904357910156e-01	1.53751
0.4225	5.672351121902466e-01	1.54396
0.4235	5.656823515892029e-01	1.5504
0.4245	5.641321539878845e-01	1.55684
0.4255	5.625845789909363e-01	1.56329
0.4265	5.610396265983582e-01	1.56972
0.4275	5.594972968101501e-01	1.57616
0.4285	5.579575300216675e-01	1.5826
0.4295	5.564205050468445e-01	1.58903
0.4305	5.548860430717468e-01	1.59546
0.4315	5.533542633056641e-01	1.60189
0.4325	5.518251657485962e-01	1.60831
0.4335	5.502988100051880e-01	1.61473
0.4345	5.487752556800842e-01	1.62115
0.4355	5.472543239593506e-01	1.62757
0.4365	5.457361340522766e-01	1.63399
0.4375	5.442207455635071e-01	1.6404
0.4385	5.427081584930420e-01	1.64681
0.4395	5.411983728408813e-01	1.65321
0.4405	5.396914482116699e-01	1.65961
0.4415	5.381873250007629e-01	1.66601
0.4425	5.366860032081604e-01	1.67241
0.4435	5.351876020431519e-01	1.6788
0.4445	5.336921215057373e-01	1.68519
0.4455	5.321995615959167e-01	1.69158
0.4465	5.307098627090454e-01	1.69796
0.4475	5.292229652404785e-01	1.70434
0.4485	5.277391076087952e-01	1.71071
0.4495	5.262583494186401e-01	1.71708
0.4505	5.247805714607239e-01	1.72345
0.4515	5.233058929443359e-01	1.72981
0.4525	5.218343138694763e-01	1.73617
0.4535	5.203658938407898e-01	1.74252
0.4545	5.189006924629211e-01	1.74887
0.4555	5.174385905265808e-01	1.75521
0.4565	5.159797668457031e-01	1.76155
0.4575	5.145242214202881e-01	1.76788
0.4585	5.130718946456909e-01	1.77421
0.4595	5.116229653358459e-01	1.78053
0.4605	5.101773738861084e-01	1.78684
0.4615	5.087351202964783e-01	1.79315
0.4625	5.072963833808899e-01	1.79946
0.4635	5.058611035346985e-01	1.80575
0.4645	5.044292807579041e-01	1.81204
0.4655	5.030010342597961e-01	1.81833
0.4665	5.015763640403748e-01	1.8246
0.4675	5.001553297042847e-01	1.83087
0.4685	4.987379908561707e-01	1.83713
0.4695	4.973243474960327e-01	1.84339
0.4705	4.959144890308380e-01	1.84963
0.4715	4.945084750652313e-01	1.85587
0.4725	4.931062757968903e-01	1.8621
0.4735	4.917080104351044e-01	1.86832
0.4745	4.903137981891632e-01	1.87453
0.4755	4.889236390590668e-01	1.88074
0.4765	4.875375628471375e-01	1.88693
0.4775	4.861556887626648e-01	1.89311
0.4785	4.847781062126160e-01	1.89928
0.4795	4.834048151969910e-01	1.90545
0.4805	4.820359051227570e-01	1.9116
0.4815	4.806714951992035e-01	1.91774
0.4825	4.793116450309753e-01	1.92386
0.4835	4.779564440250397e-01	1.92998
0.4845	4.766059219837189e-01	1.93608
0.4855	4.752601981163025e-01	1.94217
0.4865	4.739193916320801e-01	1.94824
0.4875	4.725835323333740e-01	1.95431
0.4885	4.712527990341187e-01	1.96035
0.4895	4.699272215366364e-01	1.96638
0.4905	4.686069190502167e-01	1.9724
0.4915	4.672920107841492e-01	1.9784
0.4925	4.659826159477234e-01	1.98438
0.4935	4.646788537502289e-01	1.99035
0.4945	4.633808434009552e-01	1.99629
0.4955	4.620887339115143e-01	2.00222
0.4965	4.608025848865509e-01	2.00813
0.4975	4.595226049423218e-01	2.01402
0.4985	4.582489430904388e-01	2.01989
0.4995	4.569816589355469e-01	2.02574
0.5005	4.557209610939026e-01	2.03156
0.5015	4.544669985771179e-01	2.03736
0.5025	4.532199800014496e-01	2.04314
0.5035	4.519799649715424e-01	2.04889
0.5045	4.507472515106201e-01	2.05462
0.5055	4.495219290256500e-01	2.06032
0.5065	4.483042359352112e-01	2.06599
0.5075	4.470944404602051e-01	2.07163
0.5085	4.458927214145660e-01	2.07724
0.5095	4.446991980075836e-01	2.08282
0.5105	4.435141682624817e-01	2.08837
0.5115	4.423377811908722e-01	2.09389
0.5125	4.411703348159790e-01	2.09937
0.5135	4.400121271610260e-01	2.10481
0.5145	4.388633668422699e-01	2.11022
0.5155	4.377242922782898e-01	2.11559
0.5165	4.365951716899872e-01	2.12092
0.5175	4.354762732982635e-01	2.1262
0.5185	4.343678951263428e-01	2.13145
0.5195	4.332702755928040e-01	2.13665
0.5205	4.321838021278381e-01	2.1418
0.5215	4.311087131500244e-01	2.14691
0.5225	4.300453364849091e-01	2.15196
0.5235	4.289940595626831e-01	2.15697
0.5245	4.279551506042480e-01	2.16192
0.5255	4.269289374351501e-01	2.16681
0.5265	4.259157776832581e-01	2.17165
0.5275	4.249160289764404e-01	2.17644
0.5285	4.239300191402435e-01	2.18116
0.5295	4.229581356048584e-01	2.18582
0.5305	4.220007359981537e-01	2.19041
0.5315	4.210581779479980e-01	2.19494
0.5325	4.201308190822601e-01	2.1994
0.5335	4.192191064357758e-01	2.20379
0.5345	4.183233082294464e-01	2.20811
0.5355	4.174438416957855e-01	2.21235
0.5365	4.165810942649841e-01	2.21652
0.5375	4.157354235649109e-01	2.22061
0.5385	4.149071872234344e-01	2.22461
0.5395	4.140967130661011e-01	2.22854
0.5405	4.133043587207794e-01	2.23238
0.5415	4.125304818153381e-01	2.23614
0.5425	4.117753505706787e-01	2.2398
0.5435	4.110392928123474e-01	2.24338
0.5445	4.103226363658905e-01	2.24687
0.5455	4.096255898475647e-01	2.25026
0.5465	4.089484512805939e-01	2.25356
0.5475	4.082914292812347e-01	2.25676
0.5485	4.076547026634216e-01	2.25987
0.5495	4.070384800434113e-01	2.26288
0.5505	4.064428508281708e-01	2.26579
0.5515	4.058679938316345e-01	2.2686
0.5525	4.053138792514801e-01	2.27131
0.5535	4.047806262969971e-01	2.27392
0.5545	4.042682349681854e-01	2.27643
0.5555	4.037765562534332e-01	2.27884
0.5565	4.033055305480957e-01	2.28115
0.5575	4.028550684452057e-01	2.28335
0.5585	4.024249315261841e-01	2.28546
0.5595	4.020149707794189e-01	2.28747
0.5605	4.016249775886536e-01	2.28939
0.5615	4.012546241283417e-01	2.2912
0.5625	4.009035825729370e-01	2.29293
0.5635	4.005714058876038e-01	2.29456
0.5645	4.002577066421509e-01	2.29609
0.5655	3.999620378017426e-01	2.29755
0.5665	3.996838629245758e-01	2.29891
0.5675	3.994227647781372e-01	2.30019
0.5685	3.991781175136566e-01	2.30139
0.5695	3.989493548870087e-01	2.30251
0.5705	3.987358808517456e-01	2.30355
0.5715	3.985370993614197e-01	2.30453
0.5725	3.983523249626160e-01	2.30543
0.5735	3.981809020042419e-01	2.30627
0.5745	3.980222642421722e-01	2.30704
0.5755	3.978757262229919e-01	2.30776
0.5765	3.977406024932861e-01	2.30841
0.5775	3.976162075996399e-01	2.30902
0.5785	3.975019454956055e-01	2.30957
0.5795	3.973971307277679e-01	2.31008
0.5805	3.973011374473572e-01	2.31054
0.5815	3.972133696079254e-01	2.31096
0.5825	3.971332311630249e-01	2.31135
0.5835	3.970601260662079e-01	2.3117
0.5845	3.969935774803162e-01	2.31201
0.5855	3.969329595565796e-01	2.3123
0.5865	3.968778550624847e-01	2.31256
0.5875	3.968277573585510e-01	2.3128
0.5885	3.967822194099426e-01	2.31301
0.5895	3.967407643795013e-01	2.3132
0.5905	3.967030942440033e-01	2.31337
0.5915	3.966687917709351e-01	2.31353
0.5925	3.966375589370728e-01	2.31367
0.5935	3.966090083122253e-01	2.3138
0.5945	3.965829312801361e-01	2.31391
0.5955	3.965590298175812e-01	2.31401
0.5965	3.965370655059814e-01	2.31411
0.5975	3.965167701244354e-01	2.31419
0.5985	3.964980542659760e-01	2.31427
0.5995	3.964806497097015e-01	2.31434
0.6005	3.964644670486450e-01	2.31441
0.6015	3.964492976665497e-01	2.31447
0.6025	3.964350521564484e-01	2.31452
0.6035	3.964215815067291e-01	2.31458
0.6045	3.964088261127472e-01	2.31462
0.6055	3.963967561721802e-01	2.31467
0.6065	3.963852524757385e-01	2.31471
0.6075	3.963741958141327e-01	2.31475
0.6085	3.963635563850403e-01	2.31478
0.6095	3.963533639907837e-01	2.31482
0.6105	3.963434398174286e-01	2.31485
0.6115	3.963337540626526e-01	2.31488
0.6125	3.963243663311005e-01	2.31491
0.6135	3.963153064250946e-01	2.31494
0.6145	3.963063955307007e-01	2.31497
0.6155	3.962976634502411e-01	2.315
0.6165	3.962890803813934e-01	2.31502
0.6175	3.962806761264801e-01	2.31505
0.6185	3.962724208831787e-01	2.31507
0.6195	3.962642848491669e-01	2.31509
0.6205	3.962562680244446e-01	2.31512
0.6215	3.962483406066895e-01	2.31514
0.6225	3.962405323982239e-01	2.31516
0.6235	3.962328135967255e-01	2.31518
0.6245	3.962251842021942e-01	2.3152
0.6255	3.962176144123077e-01	2.31522
0.6265	3.962101638317108e-01	2.31524
0.6275	3.962028026580811e-01	2.31526
0.6285	3.961955308914185e-01	2.31528
0.6295	3.961883485317230e-01	2.31529
0.6305	3.961812257766724e-01	2.31531
0.6315	3.961741626262665e-01	2.31533
0.6325	3.961671888828278e-01	2.31534
0.6335	3.961603045463562e-01	2.31536
0.6345	3.961534798145294e-01	2.31537
0.6355	3.961467444896698e-01	2.31539
0.6365	3.961400985717773e-01	2.3154
0.6375	3.961335122585297e-01	2.31541
0.6385	3.961270153522491e-01	2.31543
0.6395	3.961206078529358e-01	2.31544
0.6405	3.961142301559448e-01	2.31545
0.6415	3.961079120635986e-01	2.31546
0.6425	3.961016237735748e-01	2.31548
0.6435	3.960953950881958e-01	2.31549
0.6445	3.960891962051392e-01	2.3155
0.6455	3.960830271244049e-01	2.31551
0.6465	3.960768580436707e-01	2.31552
0.6475	3.960707783699036e-01	2.31553
0.6485	3.960647284984589e-01	2.31554
0.6495	3.960587382316589e-01	2.31554
0.6505	3.960527777671814e-01	2.31555
0.6515	3.960468769073486e-01	2.31556
0.6525	3.960410356521606e-01	2.31557
0.6535	3.960352241992950e-01	2.31558
0.6545	3.960295021533966e-01	2.31558
0.6555	3.960238397121429e-01	2.31559
0.6565	3.960181772708893e-01	2.3156
0.6575	3.960125148296356e-01	2.3156
0.6585	3.960069119930267e-01	2.31561
0.6595	3.960013389587402e-01	2.31561
0.6605	3.959957659244537e-01	2.31562
0.6615	3.959901630878448e-01	2.31562
0.6625	3.959846198558807e-01	2.31563
0.6635	3.959791362285614e-01	2.31563
0.6645	3.959736824035645e-01	2.31564
0.6655	3.959682881832123e-01	2.31564
0.6665	3.959628939628601e-01	2.31564
0.6675	3.959575295448303e-01	2.31565
0.6685	3.959521949291229e-01	2.31565
0.6695	3.959468901157379e-01	2.31565
0.6705	3.959416151046753e-01	2.31565
0.6715	3.959363400936127e-01	2.31566
0.6725	3.959310650825500e-01	2.31566
0.6735	3.959258496761322e-01	2.31566
0.6745	3.959206342697144e-01	2.31566
0.6755	3.959154486656189e-01	2.31566
0.6765	3.959102630615234e-01	2.31566
0.6775	3.959051668643951e-01	2.31566
0.6785	3.959000706672668e-01	2.31566
0.6795	3.958949744701385e-01	2.31566
0.6805	3.958899080753326e-01	2.31566
0.6815	3.958847522735596e-01	2.31566
0.6825	3.958796262741089e-01	2.31566
0.6835	3.958745002746582e-01	2.31566
0.6845	3.958694040775299e-01	2.31565
0.6855	3.958643376827240e-01	2.31565
0.6865	3.958592712879181e-01	2.31565
0.6875	3.958542644977570e-01	2.31565
0.6885	3.958492279052734e-01	2.31565
0.6895	3.958441913127899e-01	2.31564
0.6905	3.958391845226288e-01	2.31564
0.6915	3.958341181278229e-01	2.31564
0.6925	3.958290219306946e-01	2.31563
0.6935	3.958239853382111e-01	2.31563
0.6945	3.958189785480499e-01	2.31563
0.6955	3.958139717578888e-01	2.31562
0.6965	3.958089649677277e-01	2.31562
0.6975	3.958039879798889e-01	2.31561
0.6985	3.957989811897278e-01	2.31561
0.6995	3.957939147949219e-01	2.3156
0.7005	3.957888484001160e-01	2.3156
0.7015	3.957837820053101e-01	2.31559
0.7025	3.957786858081818e-01	2.31558
0.7035	3.957736194133759e-01	2.31558
0.7045	3.957685530185699e-01	2.31557
0.7055	3.957634568214417e-01	2.31557
0.7065	3.957584202289581e-01	2.31556
0.7075	3.957533240318298e-01	2.31555
0.7085	3.957481980323792e-01	2.31554
0.7095	3.957430720329285e-01	2.31554
0.7105	3.957379758358002e-01	2.31553
0.7115	3.957328796386719e-01	2.31552
0.7125	3.957277834415436e-01	2.31551
0.7135	3.957226872444153e-01	2.31551
0.7145	3.957175314426422e-01	2.3155
0.7155	3.957123458385468e-01	2.31549
0.7165	3.957071602344513e-01	2.31548
0.7175	3.957019150257111e-01	2.31547
0.7185	3.956966996192932e-01	2.31546
0.7195	3.956915140151978e-01	2.31545
0.7205	3.956862688064575e-01	2.31544
0.7215	3.956809937953949e-01	2.31543
0.7225	3.956757187843323e-01	2.31542
0.7235	3.956704437732697e-01	2.31541
0.7245	3.956651091575623e-01	2.3154
0.7255	3.956597745418549e-01	2.31539
0.7265	3.956544101238251e-01	2.31537
0.7275	3.956490457057953e-01	2.31536
0.7285	3.956436216831207e-01	2.31535
0.7295	3.956381976604462e-01	2.31534
0.7305	3.956328034400940e-01	2.31533
0.7315	3.956273198127747e-01	2.31531
0.7325	3.956218063831329e-01	2.3153
0.7335	3.956162929534912e-01	2.31529
0.7345	3.956107199192047e-01	2.31527
0.7355	3.956051468849182e-01	2.31526
0.7365	3.955995440483093e-01	2.31524
0.7375	3.955939412117004e-01	2.31523
0.7385	3.955882787704468e-01	2.31521
0.7395	3.955825865268707e-01	2.3152
0.7405	3.955768644809723e-01	2.31518
0.7415	3.955711126327515e-01	2.31517
0.7425	3.955653309822083e-01	2.31515
0.7435	3.955594897270203e-01	2.31514
0.7445	3.955536186695099e-01	2.31512
0.7455	3.955477476119995e-01	2.3151
0.7465	3.955418169498444e-01	2.31509
0.7475	3.955358564853668e-01	2.31507
0.7485	3.955298066139221e-01	2.31505
0.7495	3.955237865447998e-01	2.31503
0.7505	3.955176770687103e-01	2.31501
0.7515	3.955115377902985e-01	2.315
0.7525	3.955053985118866e-01	2.31498
0.7535	3.954991698265076e-01	2.31496
0.7545	3.954929113388062e-01	2.31494
0.7555	3.954865634441376e-01	2.31492
0.7565	3.954801857471466e-01	2.3149
0.7575	3.954737782478333e-01	2.31488
0.7585	3.954673111438751e-01	2.31486
0.7595	3.954607844352722e-01	2.31484
0.7605	3.954542279243469e-01	2.31481
0.7615	3.954476118087769e-01	2.31479
0.7625	3.954409658908844e-01	2.31477
0.7635	3.954342007637024e-01	2.31475
0.7645	3.954274356365204e-01	2.31472
0.7655	3.954205811023712e-01	2.3147
0.7665	3.954136967658997e-01	2.31468
0.7675	3.954067528247833e-01	2.31465
0.7685	3.953996896743774e-01	2.31463
0.7695	3.953925967216492e-01	2.3146
0.7705	3.953853845596313e-01	2.31458
0.7715	3.953781723976135e-01	2.31455
0.7725	3.953708708286285e-01	2.31453
0.7735	3.953634500503540e-01	2.3145
0.7745	3.953559994697571e-01	2.31447
0.7755	3.953484892845154e-01	2.31444
0.7765	3.953408598899841e-01	2.31442
0.7775	3.953331708908081e-01	2.31439
0.7785	3.953254222869873e-01	2.31436
0.7795	3.953175842761993e-01	2.31433
0.7805	3.953096568584442e-01	2.3143
0.7815	3.953016400337219e-01	2.31427
0.7825	3.952935636043549e-01	2.31424
0.7835	3.952854275703430e-01	2.31421
0.7845	3.952771723270416e-01	2.31417
0.7855	3.952687978744507e-01	2.31414
0.7865	3.952603340148926e-01	2.31411
0.7875	3.952517807483673e-01	2.31408
0.7885	3.952431082725525e-01	2.31404
0.7895	3.952343463897705e-01	2.31401
0.7905	3.952254652976990e-01	2.31397
0.7915	3.952164053916931e-01	2.31394
0.7925	3.952071070671082e-01	2.3139
0.7935	3.951973319053650e-01	2.31386
0.7945	3.951867222785950e-01	2.31381
0.7955	3.951741456985474e-01	2.31376
0.7965	3.951570987701416e-01	2.31368
0.7975	3.951296508312225e-01	2.31356
0.7985	3.950777053833008e-01	2.31331
0.7995	3.949682116508484e-01	2.31277
0.8005	3.947230577468872e-01	2.31155
0.8015	3.941601514816284e-01	2.30875
0.8025	3.928617238998413e-01	2.30228
0.8035	3.899060785770416e-01	2.28747
0.8045	3.834175467491150e-01	2.25468
0.8055	3.701283931732178e-01	2.1863
0.8065	3.457792401313782e-01	2.05616
0.8075	3.075418472290039e-01	1.83635
0.8085	2.578474283218384e-01	1.51356
0.8095	2.055785804986954e-01	1.11008
0.8105	1.614472717046738e-01	0.69623
0.8115	1.313263028860092e-01	0.364902
0.8125	1.143124327063560e-01	0.163198
0.8135	1.060473620891571e-01	0.0660253
0.8145	1.024339348077774e-01	0.025539
0.8155	1.009533628821373e-01	0.00973848
0.8165	1.003682091832161e-01	0.00370359
0.8175	1.001412272453308e-01	0.00140912
0.8185	1.000539958477020e-01	0.000536566
0.8195	1.000206097960472e-01	0.00020443
0.8205	1.000078618526459e-01	7.79046e-05
0.8215	1.000029966235161e-01	2.96939e-05
0.8225	1.000011414289474e-01	1.13125e-05
0.8235	1.000004336237907e-01	4.30602e-06
0.8245	1.000001654028893e-01	1.6316e-06
0.8255	1.000000610947609e-01	6.12665e-07
0.8265	1.000000238418579e-01	2.1943e-07
0.8275	1.000000014901161e-01	6.95223e-08
0.8285	1.000000014901161e-01	1.5208e-08
0.8295	1.000000014901161e-01	6.5177e-09
0.8305	1.000000014901161e-01	0
0.8315	1.000000014901161e-01	0
0.8325	1.000000014901161e-01	0
0.8335	1.000000014901161e-01	0
0.8345	1.000000014901161e-01	0
0.8355	1.000000014901161e-01	0
0.8365	1.000000014901161e-01	0
0.8375	1.000000014901161e-01	0
0.8385	1.000000014901161e-01	0
0.8395	1.000000014901161e-01	0
0.8405	1.000000014901161e-01	0
0.8415	1.000000014901161e-01	0
0.8425	1.000000014901161e-01	0
0.8435	1.000000014901161e-01	0
0.8445	1.000000014901161e-01	0
0.8455	1.000000014901161e-01	0
0.8465	1.000000014901161e-01	0
0.8475	1.000000014901161e-01	0
0.8485	1.000000014901161e-01	0
0.8495	1.000000014901161e-01	0
0.8505	1.000000014901161e-01	0
0.8515	1.000000014901161e-01	0
0.8525	1.000000014901161e-01	0
0.8535	1.000000014901161e-01	0
0.8545	1.000000014901161e-01	0
0.8555	1.000000014901161e-01	0
0.8565	1.000000014901161e-01	0
0.8575	1.000000014901161e-01	0
0.8585	1.000000014901161e-01	0
0.8595	1.000000014901161e-01	0
0.8605	1.000000014901161e-01	0
0.8615	1.000000014901161e-01	0
0.8625	1.000000014901161e-01	0
0.8635	1.000000014901161e-01	0
0.8645	1.000000014901161e-01	0
0.8655	1.000000014901161e-01	0
0.8665	1.000000014901161e-01	0
0.8675	1.000000014901161e-01	0
0.8685	1.000000014901161e-01	0
0.8695	1.000000014901161e-01	0
0.8705	1.000000014901161e-01	0
0.8715	1.000000014901161e-01	0
0.8725	1.000000014901161e-01	0
0.8735	1.000000014901161e-01	0
0.8745	1.000000014901161e-01	0
0.8755	1.000000014901161e-01	0
0.8765	1.000000014901161e-01	0
0.8775	1.000000014901161e-01	0
0.8785	1.000000014901161e-01	0
0.8795	1.000000014901161e-01	0
0.8805	1.000000014901161e-01	0
0.8815	1.000000014901161e-01	0
0.8825	1.000000014901161e-01	0
0.8835	1.000000014901161e-01	0
0.8845	1.000000014901161e-01	0
0.8855	1.000000014901161e-01	0
0.8865	1.000000014901161e-01	0
0.8875	1.000000014901161e-01	0
0.8885	1.000000014901161e-01	0
0.8895	1.000000014901161e-01	0
0.8905	1.000000014901161e-01	0
0.8915	1.000000014901161e-01	0
0.8925	1.000000014901161e-01	0
0.8935	1.000000014901161e-01	0
0.8945	1.000000014901161e-01	0
0.8955	1.000000014901161e-01	0
0.8965	1.000000014901161e-01	0
0.8975	1.000000014901161e-01	0
0.8985	1.000000014901161e-01	0
0.8995	1.000000014901161e-01	0
0.9005	1.000000014901161e-01	0
0.9015	1.000000014901161e-01	0
0.9025	1.000000014901161e-01	0
0.9035	1.000000014901161e-01	0
0.9045	1.000000014901161e-01	0
0.9055	1.000000014901161e-01	0
0.9065	1.000000014901161e-01	0
0.9075	1.000000014901161e-01	0
0.9085	1.000000014901161e-01	0
0.9095	1.000000014901161e-01	0
0.9105	1.000000014901161e-01	0
0.9115	1.000000014901161e-01	0
0.9125	1.000000014901161e-01	0
0.9135	1.000000014901161e-01	0
0.9145	1.000000014901161e-01	0
0.9155	1.000000014901161e-01	0
0.9165	1.000000014901161e-01	0
0.9175	1.000000014901161e-01	0
0.9185	1.000000014901161e-01	0
0.9195	1.000000014901161e-01	0
0.9205	1.000000014901161e-01	0
0.9215	1.000000014901161e-01	0
0.9225	1.000000014901161e-01	0
0.9235	1.000000014901161e-01	0
0.9245	1.000000014901161e-01	0
0.9255	1.000000014901161e-01	0
0.9265	1.000000014901161e-01	0
0.9275	1.000000014901161e-01	0
0.9285	1.000000014901161e-01	0
0.9295	1.000000014901161e-01	0
0.9305	1.000000014901161e-01	0
0.9315	1.000000014901161e-01	0
0.9325	1.000000014901161e-01	0
0.9335	1.000000014901161e-01	0
0.9345	1.000000014901161e-01	0
0.9355	1.000000014901161e-01	0
0.9365	1.000000014901161e-01	0
0.9375	1.000000014901161e-01	0
0.9385	1.000000014901161e-01	0
0.9395	1.000000014901161e-01	0
0.9405	1.000000014901161e-01	0
0.9415	1.000000014901161e-01	0
0.9425	1.000000014901161e-01	0
0.9435	1.000000014901161e-01	0
0.9445	1.000000014901161e-01	0
0.9455	1.000000014901161e-01	0
0.9465	1.000000014901161e-01	0
0.9475	1.000000014901161e-01	0
0.9485	1.000000014901161e-01	0
0.9495	1.000000014901161e-01	0
0.9505	1.000000014901161e-01	0
0.9515	1.000000014901161e-01	0
0.9525	1.000000014901161e-01	0
0.9535	1.000000014901161e-01	0
0.9545	1.000000014901161e-01	0
0.9555	1.000000014901161e-01	0
0.9565	1.000000014901161e-01	0
0.9575	1.000000014901161e-01	0
0.9585	1.000000014901161e-01	0
0.9595	1.000000014901161e-01	0
0.9605	1.000000014901161e-01	0
0.9615	1.000000014901161e-01	0
0.9625	1.000000014901161e-01	0
0.9635	1.000000014901161e-01	0
0.9645	1.000000014901161e-01	0
0.9655	1.000000014901161e-01	0
0.9665	1.000000014901161e-01	0
0.9675	1.000000014901161e-01	0
0.9685	1.000000014901161e-01	0
0.9695	1.000000014901161e-01	0
0.9705	1.000000014901161e-01	0
0.9715	1.000000014901161e-01	0
0.9725	1.000000014901161e-01	0
0.9735	1.000000014901161e-01	0
0.9745	1.000000014901161e-01	0
0.9755	1.000000014901161e-01	0
0.9765	1.000000014901161e-01	0
0.9775	1.000000014901161e-01	0
0.9785	1.000000014901161e-01	0
0.9795	1.000000014901161e-01	0
0.9805	1.000000014901161e-01	0
0.9815	1.000000014901161e-01	0
0.9825	1.000000014901161e-01	0
0.9835	1.000000014901161e-01	0
0.9845	1.000000014901161e-01	0
0.9855	1.000000014901161e-01	0
0.9865	1.000000014901161e-01	0
0.9875	1.000000014901161e-01	0
0.9885	1.000000014901161e-01	0
0.9895	1.000000014901161e-01	0
0.9905	1.000000014901161e-01	0
0.9915	1.000000014901161e-01	0
0.9925	1.000000014901161e-01	0
0.9935	1.000000014901161e-01	0
0.9945	1.000000014901161e-01	0
0.9955	1.000000014901161e-01	0
0.9965	1.000000014901161e-01	0
0.9975	1.000000014901161e-01	0
0.9985	1.000000014901161e-01	0
0.9995	1.000000014901161e-01	0
